<?xml version="1.0"?>
<opencv_storage>
 <!-- resumed -->

<H11 type_id="opencv-matrix">
  <rows>3</rows>
  <cols>3</cols>
  <dt>d</dt>
  <data>
    3.4967858851549305e-001 1.2420633543947758e-001
    1.4487383077162048e+002 -8.1810732615993759e-004
    4.3802070735887189e-001 1.1579711170648858e+002
    1.9507107625797776e-006 3.8801452042740034e-004 1.</data></H11>
 <!-- resumed -->

<H12 type_id="opencv-matrix">
  <rows>3</rows>
  <cols>3</cols>
  <dt>d</dt>
  <data>
    5.7599367304051494e+000 -2.4083359151519931e-001
    -1.1389020542753701e+003 -7.9967962598995290e-001
    8.8179936152930285e+000 -1.8218580345486791e+002
    -3.9694310971043618e-004 1.1130174079997941e-003 1.</data></H12>
 <!-- resumed -->

<H21 type_id="opencv-matrix">
  <rows>3</rows>
  <cols>3</cols>
  <dt>d</dt>
  <data>
    3.5583474953238065e-001 1.4175155400715056e-001
    1.3576663145575628e+002 1.3884650969528517e-003
    4.3564802808207775e-001 6.2803948145648604e+001
    2.4376744016577856e-006 4.4467007385678623e-004 1.</data></H21>
 <!-- resumed -->

<H22 type_id="opencv-matrix">
  <rows>3</rows>
  <cols>3</cols>
  <dt>d</dt>
  <data>
    -5.2711003478868914e+000 1.3078407438749966e+000
    3.6149087304081872e+003 1.2667931874726465e-001
    -5.8589184920609698e+000 1.5973787046584710e+003
    1.7066371407264036e-004 8.4768376866047989e-004 1.</data></H22>
 <!-- resumed -->

<H31 type_id="opencv-matrix">
  <rows>3</rows>
  <cols>3</cols>
  <dt>d</dt>
  <data>
    3.5196188661247763e-001 1.3203134004043590e-001
    1.3762000704265770e+002 2.7267626438196469e-004
    4.3509577851559911e-001 9.0331050050864704e+001
    9.9187008747643867e-007 4.1211379936465783e-004 1.</data></H31>
 <!-- resumed -->

<H32 type_id="opencv-matrix">
  <rows>3</rows>
  <cols>3</cols>
  <dt>d</dt>
  <data>
    -5.3767923785291494e+000 2.3699360346133877e-001
    2.3886659353369532e+003 1.4239142265281191e-001
    -5.6854860902087276e+000 1.6433444942440615e+003
    1.1542793559113333e-004 7.8506276982510340e-004
    9.9999999999999989e-001</data></H32>
 <!-- resumed -->

 <!-- resumed -->

<H01 type_id="opencv-matrix">
  <rows>3</rows>
  <cols>3</cols>
  <dt>d</dt>
  <data>
    3.4310723227322110e-001 9.5607276306194491e-002
    1.4226576816422332e+002 -1.1791973467718429e-003
    4.2732746431989060e-001 1.7817376984439289e+002
    5.4833675487255298e-006 2.9364259728175535e-004 1.</data></H01>
 <!-- resumed -->

<H02 type_id="opencv-matrix">
  <rows>3</rows>
  <cols>3</cols>
  <dt>d</dt>
  <data>
    7.3581838628867002e+000 2.9523420830286491e+000
    -5.0132679667463788e+002 -1.7557175762461730e-001
    1.1367029799332693e+001 -1.0850006318716496e+003
    -4.3902058382246087e-005 1.7200444252034157e-003 1.</data></H02>
</opencv_storage>
